43 88 96 97 97 97 97 97 97 97 97 97 97 97 97 97 97 96 95 96 97 97 97 97 97 97 97 97 97 97 97 97 97 97 97 97 97 97 96 96 97 97 97 97 97 97 97 97 97 97 97 97 97 96 96 97 97 96 95 96 97 97 97 97 

18 26 31 30 27 23 23 23 24 24 24 23 24 23 22 22 24 25 24 23 23 24 23 21 20 20 20 

8 18 23 25 29 34 37 40 43 46 48 50 52 55 57 58 61 62 64 51 39 39 39 40 41 42 42 42 44 45 45 45 45 45 45 45 45 45 46 45 45 45 45 45 45 45 44 43 42 41 41 40 39 39 38 37 52 61 59 58 55 

12 66 65 64 63 61 61 59 58 56 55 53 51 49 49 47 47 45 45 43 43 43 41 41 40 39 38 37 36 35 34 33 32 31 31 29 29 27 26 25 24 23 22 22 21 20 20 18 17 17 15 15 13 13 11 11 9 9 8 7 

2 4 4 5 5 6 7 7 9 10 11 12 12 14 14 16 16 18 18 20 20 21 22 22 24 24 26 26 26 28 28 29 30 32 33 34 35 36 37 38 39 41 41 41 43 43 45 46 47 49 49 50 52 53 55 56 57 60 61 62 

8 17 21 23 28 32 36 39 42 44 46 47 49 51 52 54 55 57 58 59 61 62 62 62 64 65 65 66 66 66 66 66 66 66 66 66 67 67 66 65 65 64 63 63 61 60 60 58 57 55 54 54 52 51 

23 30 36 36 34 30 31 31 30 28 27 26 26 25 26 27 28 27 26 26 26 25 25 25 24 23 23 24 25 26 25 24 24 24 23 

62 72 72 72 72 72 72 72 72 72 72 72 72 72 72 72 72 72 72 72 72 72 72 72 72 72 72 72 72 72 72 72 72 72 72 72 72 72 72 72 72 

4 11 14 17 20 23 26 28 30 32 32 34 35 37 38 38 38 38 39 40 41 41 41 40 39 38 38 37 35 35 34 

15 42 43 44 43 43 43 44 44 44 44 44 43 43 43 43 43 43 43 43 43 43 43 43 43 43 43 43 43 43 43 43 43 43 

3 4 5 5 6 7 8 9 9 10 10 12 12 14 14 16 16 17 18 18 19 20 21 22 23 24 26 26 27 28 30 30 32 33 33 35 36 38 40 40 41 42 44 45 

17 21 28 32 34 32 31 29 28 27 26 25 25 25 25 24 24 24 24 26 25 25 24 25 26 27 28 

4 9 13 18 21 22 24 27 30 32 33 21 22 23 22 23 25 25 25 25 25 23 24 24 23 23 22 21 22 21 22 29 

2 20 30 32 33 37 42 44 47 52 56 59 62 65 69 72 73 75 78 79 81 83 85 87 88 90 92 95 96 91 54 55 56 57 58 60 60 60 61 64 63 63 64 64 64 66 67 67 67 68 69 69 68 69 70 69 69 69 70 70 70 70 70 68 68 67 66 66 66 67 67 66 65 64 63 63 63 62 61 59 59 59 58 57 56 54 92 96 96 94 91 90 

12 16 17 23 29 33 37 41 44 46 48 50 53 55 57 59 62 64 65 68 69 70 71 72 73 75 75 75 76 76 77 78 79 79 79 79 79 79 79 79 79 79 79 79 79 78 77 76 76 76 76 75 74 73 73 71 70 70 68 67 65 

