19 55 63 64 64 64 64 64 64 64 64 64 64 64 64 64 64 64 63 63 64 64 64 64 64 64 64 64 64 64 64 64 64 64 64 64 64 64 64 63 64 64 64 64 64 64 64 64 64 64 64 64 64 64 63 64 64 64 63 63 64 64 64 64 64 64 64 64 64 64 64 64 64 64 63 64 64 64 64 64 64 64 64 64 64 64 64 64 64 64 64 64 64 64 63 62 38 

3 7 10 12 13 9 10 8 10 9 10 9 9 10 9 8 9 10 10 9 9 9 10 9 8 8 8 8 8 8 8 7 7 8 8 9 9 8 8 8 8 8 8 8 8 8 10 9 8 8 8 9 9 8 8 9 9 9 9 9 9 11 9 10 11 12 9 8 6 4 

8 18 23 25 28 32 34 36 38 40 42 43 44 46 48 48 50 51 52 39 26 26 26 26 27 28 28 28 29 30 30 30 30 30 30 30 30 30 31 30 30 30 30 30 30 30 29 29 28 27 27 27 26 26 26 25 41 51 49 49 47 46 45 44 42 41 39 37 35 31 28 25 21 16 11 6 

6 60 60 59 59 57 57 56 55 54 53 52 51 49 49 47 47 45 45 43 43 43 41 41 40 39 38 37 36 35 34 33 32 31 31 29 29 27 26 25 24 23 22 22 21 20 20 18 17 17 15 15 13 13 11 11 9 9 8 7 6 5 5 4 4 2 

2 4 4 5 5 6 7 7 9 10 11 12 12 14 14 16 16 18 18 20 20 21 22 22 24 24 26 26 26 28 28 29 30 32 33 34 35 36 37 38 39 41 41 41 43 43 44 45 45 47 47 47 49 49 51 52 52 54 55 55 57 58 59 59 59 58 32 8 1 

8 17 21 22 26 29 32 34 36 38 39 40 41 43 43 45 45 47 47 48 49 50 50 50 51 52 52 53 53 53 53 53 53 53 53 53 53 54 53 52 52 52 51 51 50 49 49 48 47 46 45 45 44 43 42 41 39 38 36 34 32 30 28 25 23 17 11 8 

5 8 10 12 14 10 10 10 11 10 9 9 9 8 9 8 9 10 9 8 9 9 8 8 9 8 8 8 8 9 9 9 8 9 9 8 8 9 9 9 9 9 9 9 8 7 7 8 9 9 9 9 9 9 9 8 8 9 9 9 9 9 9 9 9 8 8 8 9 9 9 9 8 7 8 9 9 9 8 9 9 9 8 10 9 8 9 10 9 9 10 11 10 10 10 10 9 10 10 8 8 5 

30 40 40 40 40 40 40 40 40 40 40 40 40 40 40 40 40 40 40 40 40 40 40 40 40 40 40 40 40 40 40 40 40 40 40 40 40 40 40 40 40 40 40 40 40 40 40 41 41 41 40 40 40 40 40 41 41 41 41 41 41 41 41 40 40 40 40 40 40 41 40 37 2 

4 10 12 14 16 18 20 22 23 25 25 26 27 28 29 29 29 29 30 30 31 31 31 31 30 29 29 29 27 27 26 26 24 24 22 21 20 17 15 13 8 

6 32 33 34 33 33 33 34 34 34 34 34 33 33 33 33 33 33 33 33 33 33 33 33 33 33 33 33 33 33 33 33 33 33 33 33 34 34 34 34 32 32 31 9 

3 4 5 5 6 7 8 9 9 10 10 12 12 14 14 16 16 17 18 18 19 20 21 22 23 24 26 26 27 28 30 30 32 33 33 34 35 36 38 38 39 39 41 41 43 43 44 44 35 

5 5 7 9 12 11 11 10 10 9 9 9 8 8 9 8 8 8 7 8 8 9 7 7 8 8 8 9 9 9 9 9 10 9 8 8 8 8 8 8 8 8 8 8 8 8 8 8 8 8 8 8 8 8 8 8 8 8 8 7 8 9 8 8 8 9 9 9 9 8 10 8 10 9 10 9 10 13 12 10 8 6 5 2 

4 9 13 17 19 20 21 23 25 27 27 15 15 16 15 15 17 17 17 17 18 16 17 17 16 16 16 15 16 16 18 25 25 23 21 20 18 15 12 4 

2 20 30 32 33 37 42 44 46 49 52 54 56 58 61 63 64 65 67 68 69 70 72 73 74 75 76 78 79 73 36 36 37 38 38 40 40 40 40 43 42 42 43 43 43 44 45 45 45 45 46 46 46 46 47 46 46 46 47 47 47 47 47 45 45 45 44 44 44 45 45 45 44 43 42 42 42 41 41 39 39 39 39 38 38 36 75 79 79 78 76 75 74 72 71 69 68 67 65 64 63 61 58 56 54 52 49 46 44 41 36 34 31 24 4 

12 16 17 22 27 30 32 35 37 39 40 41 43 45 46 47 49 51 51 53 54 55 55 56 56 58 58 58 59 59 60 60 61 61 61 61 61 61 61 61 61 61 61 61 61 61 60 59 59 59 59 59 58 57 57 56 55 55 54 53 52 51 49 48 47 45 43 41 39 37 36 34 32 28 25 22 17 12 3 

