NUMPOLLIES 5

//FLOOR
SHAPE 4
-0.3  0.0 -6.0 1.0 1.0
-0.3  0.0  6.0 0.0 1.0
 0.3  0.0  6.0 0.0 0.0
 0.3  0.0 -6.0 1.0 0.0
floor.jpg

//CEILING
SHAPE 4
-0.3  0.9 -6.0 1.0 1.0
-0.3  0.9  6.0 0.0 1.0
 0.3  0.9  6.0 0.0 0.0
 0.3  0.9 -6.0 1.0 0.0
top.jpg

//OUT
SHAPE 4
-0.3  0.9 -6.0 1.0 0.0
-0.3  0.9  6.0 0.0 0.0
-0.3  0.0  6.0 0.0 1.0
-0.3  0.0 -6.0 1.0 1.0
left_wall.jpg

//IN
SHAPE 4
0.3  0.9 -6.0 0.0 0.0
0.3  0.9  6.0 1.0 0.0
0.3  0.0  6.0 1.0 1.0
0.3  0.0 -6.0 0.0 1.0
right_wall.jpg

//END
SHAPE 4
-0.3  0.9 -6.0 0.0 0.0
-0.3  0.0 -6.0 0.0 1.0
 0.4  0.0 -6.0 1.0 1.0
 0.4  0.9 -6.0 1.0 0.0
end_wall.jpg



//////////////////////////////////////////////

